4100 4075 3100
4100 4050 3143
4100 4000 3143
4100 3975 3100
4100 4000 3056
4100 4050 3056
4100 4075 3100
4100 4175 3100
4100 4100 3229
4100 3950 3229
4100 3875 3100
4100 3950 2970
4100 4100 2970
4100 4175 3100
4100 4275 3100
4100 4150 3316
4100 3900 3316
4100 3775 3100
4100 3900 2883
4100 4150 2883
4100 4275 3100
4100 4375 3100
4100 4328 3275
4100 4200 3403
4100 4025 3450
4100 3850 3403
4100 3721 3275
4100 3675 3100
4100 3721 2925
4100 3850 2796
4100 4025 2750
4100 4200 2796
4100 4328 2925
4100 4375 3100
4100 4475 3100
4100 4414 3325
4100 4250 3489
4100 4025 3550
4100 3800 3489
4100 3635 3325
4100 3575 3100
4100 3635 2875
4100 3800 2710
4100 4025 2650
4100 4250 2710
4100 4414 2875
4100 4475 3100
4100 4575 3100
4100 4501 3375
4100 4300 3576
4100 4025 3650
4100 3750 3576
4100 3548 3375
4100 3475 3100
4100 3548 2825
4100 3750 2623
4100 4025 2550
4100 4300 2623
4100 4501 2825
4100 4575 3100
4100 4675 3100
4100 4652 3268
4100 4587 3425
4100 4484 3559
4100 4350 3662
4100 4193 3727
4100 4025 3750
4100 3856 3727
4100 3700 3662
4100 3565 3559
4100 3462 3425
4100 3397 3268
4100 3375 3100
4100 3397 2931
4100 3462 2775
4100 3565 2640
4100 3699 2537
4100 3856 2472
4100 4025 2450
4100 4193 2472
4100 4350 2537
4100 4484 2640
4100 4587 2774
4100 4652 2931
4100 4675 3100
4100 5175 3100
4100 5165 3250
4100 5135 3397
4100 5087 3540
4100 5020 3675
4100 4937 3800
4100 4838 3913
4100 4725 4012
4100 4600 4095
4100 4465 4162
4100 4322 4210
4100 4175 4240
4100 4025 4250
4100 3874 4240
4100 3727 4210
4100 3584 4162
4100 3450 4095
4100 3324 4012
4100 3211 3913
4100 3112 3800
4100 3029 3675
4100 2962 3540
4100 2914 3397
4100 2884 3250
4100 2875 3100
4100 2884 2949
4100 2914 2802
4100 2962 2659
4100 3029 2525
4100 3112 2399
4100 3211 2286
4100 3324 2187
4100 3449 2104
4100 3584 2037
4100 3727 1989
4100 3874 1959
4100 4025 1950
4100 4175 1959
4100 4322 1989
4100 4465 2037
4100 4600 2104
4100 4725 2187
4100 4838 2286
4100 4937 2399
4100 5020 2524
4100 5087 2659
4100 5135 2802
4100 5165 2949
4100 5175 3099
4100 5675 3100
4100 5660 3315
4100 5618 3527
4100 5549 3731
4100 5453 3925
4100 5334 4104
4100 5191 4266
4100 5029 4409
4100 4850 4528
4100 4656 4624
4100 4452 4693
4100 4240 4735
4100 4025 4750
4100 3809 4735
4100 3597 4693
4100 3393 4624
4100 3200 4528
4100 3020 4409
4100 2858 4266
4100 2715 4104
4100 2596 3925
4100 2500 3731
4100 2431 3527
4100 2389 3315
4100 2375 3100
4100 2389 2884
4100 2431 2672
4100 2500 2468
4100 2596 2275
4100 2715 2095
4100 2858 1933
4100 3020 1790
4100 3199 1671
4100 3393 1575
4100 3597 1506
4100 3809 1464
4100 4024 1450
4100 4240 1464
4100 4452 1506
4100 4656 1575
4100 4850 1671
4100 5029 1790
4100 5191 1933
4100 5334 2095
4100 5453 2274
4100 5549 2468
4100 5618 2672
4100 5660 2884
4100 5675 3099
4100 6175 3100
4100 6156 3380
4100 6101 3656
4100 6011 3922
4100 5886 4175
4100 5730 4408
4100 5545 4620
4100 5333 4805
4100 5100 4961
4100 4847 5086
4100 4581 5176
4100 4305 5231
4100 4025 5250
4100 3744 5231
4100 3468 5176
4100 3202 5086
4100 2950 4961
4100 2716 4805
4100 2504 4620
4100 2319 4408
4100 2163 4175
4100 2038 3922
4100 1948 3656
4100 1893 3380
4100 1875 3100
4100 1893 2819
4100 1948 2543
4100 2038 2277
4100 2163 2025
4100 2319 1791
4100 2504 1579
4100 2716 1394
4100 2949 1238
4100 3202 1113
4100 3468 1023
4100 3744 968
4100 4024 950
4100 4305 968
4100 4581 1023
4100 4847 1113
4100 5100 1238
4100 5333 1394
4100 5545 1579
4100 5730 1791
4100 5886 2024
4100 6011 2277
4100 6101 2543
4100 6156 2819
4100 6175 3099
4100 6475 3100
4100 6469 3260
4100 6454 3419
4100 6427 3577
4100 6391 3734
4100 6344 3887
4100 6288 4037
4100 6222 4183
4100 6146 4325
4100 6062 4461
4100 5968 4591
4100 5867 4715
4100 5757 4832
4100 5640 4942
4100 5516 5043
4100 5386 5137
4100 5250 5221
4100 5108 5297
4100 4962 5363
4100 4812 5419
4100 4659 5466
4100 4502 5502
4100 4344 5529
4100 4185 5544
4100 4025 5550
4100 3864 5544
4100 3705 5529
4100 3547 5502
4100 3390 5466
4100 3237 5419
4100 3087 5363
4100 2941 5297
4100 2800 5221
4100 2663 5137
4100 2533 5043
4100 2409 4942
4100 2292 4832
4100 2182 4715
4100 2081 4591
4100 1987 4461
4100 1903 4325
4100 1827 4183
4100 1761 4037
4100 1705 3887
4100 1658 3734
4100 1622 3577
4100 1595 3419
4100 1580 3260
4100 1575 3100
4100 1580 2939
4100 1595 2780
4100 1622 2622
4100 1658 2465
4100 1705 2312
4100 1761 2162
4100 1827 2016
4100 1903 1875
4100 1987 1738
4100 2081 1608
4100 2182 1484
4100 2292 1367
4100 2409 1257
4100 2533 1156
4100 2663 1062
4100 2799 978
4100 2941 902
4100 3087 836
4100 3237 780
4100 3390 733
4100 3547 697
4100 3705 670
4100 3864 655
4100 4024 650
4100 4185 655
4100 4344 670
4100 4502 697
4100 4659 733
4100 4812 780
4100 4962 836
4100 5108 902
4100 5250 978
4100 5386 1062
4100 5516 1156
4100 5640 1257
4100 5757 1367
4100 5867 1484
4100 5968 1608
4100 6062 1738
4100 6146 1874
4100 6222 2016
4100 6288 2162
4100 6344 2312
4100 6391 2465
4100 6427 2622
4100 6454 2780
4100 6469 2939
4100 6475 3099
4100 6675 3100
4100 6669 3273
4100 6652 3445
4100 6624 3616
4100 6584 3785
4100 6534 3951
4100 6473 4114
4100 6401 4272
4100 6319 4425
4100 6228 4572
4100 6127 4713
4100 6017 4847
4100 5898 4973
4100 5772 5092
4100 5638 5202
4100 5497 5303
4100 5350 5394
4100 5197 5476
4100 5039 5548
4100 4876 5609
4100 4710 5659
4100 4541 5699
4100 4370 5727
4100 4198 5744
4100 4025 5750
4100 3851 5744
4100 3679 5727
4100 3508 5699
4100 3339 5659
4100 3173 5609
4100 3010 5548
4100 2852 5476
4100 2700 5394
4100 2552 5303
4100 2411 5202
4100 2277 5092
4100 2151 4973
4100 2032 4847
4100 1922 4713
4100 1821 4572
4100 1730 4425
4100 1648 4272
4100 1576 4114
4100 1515 3951
4100 1465 3785
4100 1425 3616
4100 1397 3445
4100 1380 3273
4100 1375 3100
4100 1380 2926
4100 1397 2754
4100 1425 2583
4100 1465 2414
4100 1515 2248
4100 1576 2085
4100 1648 1927
4100 1730 1775
4100 1821 1627
4100 1922 1486
4100 2032 1352
4100 2151 1226
4100 2277 1107
4100 2411 997
4100 2552 896
4100 2699 805
4100 2852 723
4100 3010 651
4100 3173 590
4100 3339 540
4100 3508 500
4100 3679 472
4100 3851 455
4100 4024 450
4100 4198 455
4100 4370 472
4100 4541 500
4100 4710 540
4100 4876 590
4100 5039 651
4100 5197 723
4100 5350 805
4100 5497 896
4100 5638 997
4100 5772 1107
4100 5898 1226
4100 6017 1352
4100 6127 1486
4100 6228 1627
4100 6319 1774
4100 6401 1927
4100 6473 2085
4100 6534 2248
4100 6584 2414
4100 6624 2583
4100 6652 2754
4100 6669 2926
4100 6675 3099
4100 6775 3100
4100 6771 3234
4100 6761 3369
4100 6745 3503
4100 6722 3636
4100 6692 3768
4100 6656 3898
4100 6614 4026
4100 6565 4152
4100 6510 4275
4100 6450 4396
4100 6383 4513
4100 6311 4627
4100 6233 4738
4100 6150 4844
4100 6062 4946
4100 5969 5044
4100 5871 5137
4100 5769 5225
4100 5663 5308
4100 5552 5386
4100 5438 5458
4100 5321 5525
4100 5200 5585
4100 5077 5640
4100 4951 5689
4100 4823 5731
4100 4693 5767
4100 4561 5797
4100 4428 5820
4100 4294 5836
4100 4159 5846
4100 3890 5846
4100 3755 5836
4100 3621 5820
4100 3488 5797
4100 3356 5767
4100 3226 5731
4100 3098 5689
4100 2972 5640
4100 2849 5585
4100 2728 5525
4100 2611 5458
4100 2497 5386
4100 2386 5308
4100 2280 5225
4100 2178 5137
4100 2080 5044
4100 1987 4946
4100 1899 4844
4100 1816 4738
4100 1738 4627
4100 1666 4513
4100 1599 4396
4100 1539 4275
4100 1484 4152
4100 1435 4026
4100 1393 3898
4100 1357 3768
4100 1327 3636
4100 1304 3503
4100 1288 3369
4100 1278 3234
4100 1275 3100
4100 1278 2965
4100 1288 2830
4100 1304 2696
4100 1327 2563
4100 1357 2431
4100 1393 2301
4100 1435 2173
4100 1484 2047
4100 1539 1924
4100 1599 1803
4100 1666 1686
4100 1738 1572
4100 1816 1461
4100 1899 1355
4100 1987 1253
4100 2080 1155
4100 2178 1062
4100 2280 974
4100 2386 891
4100 2497 813
4100 2611 741
4100 2728 674
4100 2849 614
4100 2972 559
4100 3098 510
4100 3226 468
4100 3356 432
4100 3488 402
4100 3621 379
4100 3755 363
4100 3890 353
4100 4024 350
4100 4159 353
4100 4294 363
4100 4428 379
4100 4561 402
4100 4693 432
4100 4823 468
4100 4951 510
4100 5077 559
4100 5200 614
4100 5321 674
4100 5438 741
4100 5552 813
4100 5663 891
4100 5769 974
4100 5871 1062
4100 5969 1155
4100 6062 1253
4100 6150 1355
4100 6233 1461
4100 6311 1572
4100 6383 1686
4100 6450 1803
4100 6510 1924
4100 6565 2047
4100 6614 2173
4100 6656 2301
4100 6692 2431
4100 6722 2563
4100 6745 2696
4100 6761 2830
4100 6771 2965
4100 6775 3099
4100 6875 3100
4100 6871 3239
4100 6861 3379
4100 6844 3518
4100 6820 3656
4100 6789 3792
4100 6752 3927
4100 6708 4060
4100 6658 4190
4100 6601 4318
4100 6538 4443
4100 6469 4565
4100 6394 4683
4100 6314 4797
4100 6228 4908
4100 6136 5013
4100 6040 5115
4100 5938 5211
4100 5833 5303
4100 5722 5389
4100 5608 5469
4100 5490 5544
4100 5368 5613
4100 5243 5676
4100 5115 5733
4100 4985 5783
4100 4852 5827
4100 3197 5827
4100 3064 5783
4100 2934 5733
4100 2806 5676
4100 2681 5613
4100 2559 5544
4100 2441 5469
4100 2327 5389
4100 2216 5303
4100 2111 5211
4100 2009 5115
4100 1913 5013
4100 1821 4908
4100 1735 4797
4100 1655 4683
4100 1580 4565
4100 1511 4443
4100 1448 4318
4100 1391 4190
4100 1341 4060
4100 1297 3927
4100 1260 3792
4100 1229 3656
4100 1205 3518
4100 1188 3379
4100 1178 3239
4100 1175 3100
4100 1178 2960
4100 1188 2820
4100 1205 2681
4100 1229 2543
4100 1260 2407
4100 1297 2272
4100 1341 2139
4100 1391 2009
4100 1448 1881
4100 1511 1756
4100 1580 1634
4100 1655 1516
4100 1735 1402
4100 1821 1291
4100 1913 1186
4100 2009 1084
4100 2111 988
4100 2216 896
4100 2327 810
4100 2441 730
4100 2559 655
4100 2681 586
4100 2806 523
4100 2934 466
4100 3064 416
4100 3197 372
4100 4852 372
4100 4985 416
4100 5115 466
4100 5243 523
4100 5368 586
4100 5490 655
4100 5608 730
4100 5722 810
4100 5833 896
4100 5938 988
4100 6040 1084
4100 6136 1186
4100 6228 1291
4100 6314 1402
4100 6394 1516
4100 6469 1634
4100 6538 1756
4100 6601 1881
4100 6658 2009
4100 6708 2139
4100 6752 2272
4100 6789 2407
4100 6820 2543
4100 6844 2681
4100 6861 2820
4100 6871 2960
4100 6875 3099
4100 6975 3100
4100 6971 3244
4100 6960 3389
4100 6943 3532
4100 6918 3675
4100 6886 3816
4100 6847 3956
4100 6802 4093
4100 6750 4228
4100 6691 4361
4100 6626 4490
4100 6555 4616
4100 6477 4738
4100 6394 4857
4100 6305 4971
4100 6210 5081
4100 6110 5185
4100 6006 5285
4100 5896 5380
4100 5782 5469
4100 5663 5552
4100 5541 5630
4100 5415 5701
4100 5286 5766
4100 5153 5825
4100 2896 5825
4100 2763 5766
4100 2634 5701
4100 2508 5630
4100 2386 5552
4100 2267 5469
4100 2153 5380
4100 2043 5285
4100 1939 5185
4100 1839 5081
4100 1744 4971
4100 1655 4857
4100 1572 4738
4100 1494 4616
4100 1423 4490
4100 1358 4361
4100 1299 4228
4100 1247 4093
4100 1202 3956
4100 1163 3816
4100 1131 3675
4100 1106 3532
4100 1089 3389
4100 1078 3244
4100 1075 3100
4100 1078 2955
4100 1089 2810
4100 1106 2667
4100 1131 2524
4100 1163 2383
4100 1202 2243
4100 1247 2106
4100 1299 1971
4100 1358 1838
4100 1423 1709
4100 1494 1583
4100 1572 1461
4100 1655 1342
4100 1744 1228
4100 1839 1118
4100 1939 1014
4100 2043 914
4100 2153 819
4100 2267 730
4100 2386 647
4100 2508 569
4100 2634 498
4100 2763 433
4100 2896 374
4100 5153 374
4100 5286 433
4100 5415 498
4100 5541 569
4100 5663 647
4100 5782 730
4100 5896 819
4100 6006 914
4100 6110 1014
4100 6210 1118
4100 6305 1228
4100 6394 1342
4100 6477 1461
4100 6555 1583
4100 6626 1709
4100 6691 1838
4100 6750 1971
4100 6802 2106
4100 6847 2243
4100 6886 2383
4100 6918 2524
4100 6943 2667
4100 6960 2810
4100 6971 2955
4100 6975 3099
4100 7075 3100
4100 7071 3249
4100 7060 3398
4100 7041 3547
4100 7016 3695
4100 6983 3841
4100 6943 3985
4100 6896 4127
4100 6842 4267
4100 6782 4404
4100 6714 4537
4100 6641 4668
4100 6560 4794
4100 6474 4916
4100 6382 5034
4100 6284 5148
4100 6181 5256
4100 6073 5359
4100 5959 5457
4100 5841 5549
4100 5719 5635
4100 5593 5716
4100 5462 5789
4100 2587 5789
4100 2456 5716
4100 2330 5635
4100 2208 5549
4100 2090 5457
4100 1976 5359
4100 1868 5256
4100 1765 5148
4100 1667 5034
4100 1575 4916
4100 1489 4794
4100 1408 4668
4100 1335 4537
4100 1267 4404
4100 1207 4267
4100 1153 4127
4100 1106 3985
4100 1066 3841
4100 1033 3695
4100 1008 3547
4100 989 3398
4100 978 3249
4100 975 3100
4100 978 2950
4100 989 2801
4100 1008 2652
4100 1033 2504
4100 1066 2358
4100 1106 2214
4100 1153 2072
4100 1207 1932
4100 1267 1795
4100 1335 1662
4100 1408 1531
4100 1489 1405
4100 1575 1283
4100 1667 1165
4100 1765 1051
4100 1868 943
4100 1976 840
4100 2090 742
4100 2208 650
4100 2330 564
4100 2456 483
4100 2587 410
4100 5462 410
4100 5593 483
4100 5719 564
4100 5841 650
4100 5959 742
4100 6073 840
4100 6181 943
4100 6284 1051
4100 6382 1165
4100 6474 1283
4100 6560 1405
4100 6641 1531
4100 6714 1662
4100 6782 1795
4100 6842 1932
4100 6896 2072
4100 6943 2214
4100 6983 2358
4100 7016 2504
4100 7041 2652
4100 7060 2801
4100 7071 2950
4100 7075 3099
4100 7175 3100
4100 7171 3254
4100 7159 3408
4100 7140 3562
4100 7114 3714
4100 7080 3865
4100 7039 4014
4100 6990 4161
4100 6935 4305
4100 6872 4446
4100 6803 4584
4100 6726 4719
4100 6644 4850
4100 6555 4976
4100 6459 5098
4100 6358 5215
4100 6252 5327
4100 6140 5433
4100 6023 5534
4100 5901 5630
4100 5775 5719
4100 5644 5801
4100 2405 5801
4100 2274 5719
4100 2148 5630
4100 2026 5534
4100 1909 5433
4100 1797 5327
4100 1691 5215
4100 1590 5098
4100 1494 4976
4100 1405 4850
4100 1323 4719
4100 1246 4584
4100 1177 4446
4100 1114 4305
4100 1059 4161
4100 1010 4014
4100 969 3865
4100 935 3714
4100 909 3562
4100 890 3408
4100 878 3254
4100 875 3100
4100 878 2945
4100 890 2791
4100 909 2637
4100 935 2485
4100 969 2334
4100 1010 2185
4100 1059 2038
4100 1114 1894
4100 1177 1753
4100 1246 1615
4100 1323 1480
4100 1405 1349
4100 1494 1223
4100 1590 1101
4100 1691 984
4100 1797 872
4100 1909 766
4100 2026 665
4100 2148 569
4100 2274 480
4100 2405 398
4100 5644 398
4100 5775 480
4100 5901 569
4100 6023 665
4100 6140 766
4100 6252 872
4100 6358 984
4100 6459 1101
4100 6555 1223
4100 6644 1349
4100 6726 1480
4100 6803 1615
4100 6872 1753
4100 6935 1894
4100 6990 2038
4100 7039 2185
4100 7080 2334
4100 7114 2485
4100 7140 2637
4100 7159 2791
4100 7171 2945
4100 7175 3099
4100 7271 3259
4100 7259 3418
4100 7239 3576
4100 7212 3734
4100 7177 3889
4100 7135 4043
4100 7085 4194
4100 7027 4343
4100 6962 4489
4100 6891 4632
4100 6812 4770
4100 6727 4905
4100 6635 5036
4100 6537 5161
4100 6433 5282
4100 6323 5398
4100 6207 5508
4100 6086 5612
4100 5961 5710
4100 5830 5802
4100 2219 5802
4100 2088 5710
4100 1963 5612
4100 1842 5508
4100 1726 5398
4100 1616 5282
4100 1512 5161
4100 1414 5036
4100 1322 4905
4100 1237 4770
4100 1158 4632
4100 1087 4489
4100 1022 4343
4100 964 4194
4100 914 4043
4100 872 3889
4100 837 3734
4100 810 3576
4100 790 3418
4100 778 3259
4100 775 3100
4100 778 2940
4100 790 2781
4100 810 2623
4100 837 2465
4100 872 2310
4100 914 2156
4100 964 2005
4100 1022 1856
4100 1087 1710
4100 1158 1567
4100 1237 1429
4100 1322 1294
4100 1414 1163
4100 1512 1038
4100 1616 917
4100 1726 801
4100 1842 691
4100 1963 587
4100 2088 489
4100 2219 397
4100 5830 397
4100 5961 489
4100 6086 587
4100 6207 691
4100 6323 801
4100 6433 917
4100 6537 1038
4100 6635 1163
4100 6727 1294
4100 6812 1429
4100 6891 1567
4100 6962 1710
4100 7027 1856
4100 7085 2005
4100 7135 2156
4100 7177 2310
4100 7212 2465
4100 7239 2623
4100 7259 2781
4100 7271 2940
4100 7274 3913
4100 7230 4072
4100 7179 4228
4100 7119 4381
4100 7053 4532
4100 6979 4679
4100 6898 4822
4100 6810 4961
4100 6715 5095
4100 6614 5225
4100 6507 5349
4100 6393 5468
4100 6274 5582
4100 6150 5689
4100 6020 5790
4100 2029 5790
4100 1899 5689
4100 1775 5582
4100 1656 5468
4100 1542 5349
4100 1435 5225
4100 1334 5095
4100 1239 4961
4100 1151 4822
4100 1070 4679
4100 996 4532
4100 930 4381
4100 870 4228
4100 819 4072
4100 775 3913
4100 775 2286
4100 819 2127
4100 870 1971
4100 930 1818
4100 996 1667
4100 1070 1520
4100 1151 1377
4100 1239 1238
4100 1334 1104
4100 1435 974
4100 1542 850
4100 1656 731
4100 1775 617
4100 1899 510
4100 2029 409
4100 6020 409
4100 6150 510
4100 6274 617
4100 6393 731
4100 6507 850
4100 6614 974
4100 6715 1104
4100 6810 1238
4100 6898 1377
4100 6979 1520
4100 7053 1667
4100 7119 1818
4100 7179 1971
4100 7230 2127
4100 7274 2286
4100 7273 4262
4100 7212 4420
4100 7143 4575
4100 7067 4726
4100 6984 4873
4100 6893 5016
4100 6796 5155
4100 6691 5288
4100 6581 5416
4100 6464 5539
4100 6341 5656
4100 6213 5766
4100 1836 5766
4100 1708 5656
4100 1585 5539
4100 1468 5416
4100 1358 5288
4100 1253 5155
4100 1156 5016
4100 1065 4873
4100 982 4726
4100 906 4575
4100 837 4420
4100 776 4262
4100 776 1937
4100 837 1779
4100 906 1624
4100 982 1473
4100 1065 1326
4100 1156 1183
4100 1253 1044
4100 1358 911
4100 1468 783
4100 1585 660
4100 1708 543
4100 1836 433
4100 6213 433
4100 6341 543
4100 6464 660
4100 6581 783
4100 6691 911
4100 6796 1044
4100 6893 1183
4100 6984 1326
4100 7067 1473
4100 7143 1624
4100 7212 1779
4100 7273 1937
4100 7234 4617
4100 7155 4773
4100 7069 4925
4100 6976 5072
4100 6876 5214
4100 6769 5352
4100 6655 5484
4100 6535 5610
4100 6409 5730
4100 6277 5844
4100 1772 5844
4100 1640 5730
4100 1514 5610
4100 1394 5484
4100 1280 5352
4100 1173 5214
4100 1073 5072
4100 980 4925
4100 894 4773
4100 815 4617
4100 815 1582
4100 894 1426
4100 980 1274
4100 1073 1127
4100 1173 985
4100 1280 847
4100 1394 715
4100 1514 589
4100 1640 469
4100 1772 355
4100 6277 355
4100 6409 469
4100 6535 589
4100 6655 715
4100 6769 847
4100 6876 985
4100 6976 1127
4100 7069 1274
4100 7155 1426
4100 7234 1582
4100 7244 4820
4100 7155 4976
4100 7059 5127
4100 6956 5274
4100 6846 5415
4100 6729 5551
4100 6605 5680
4100 6476 5804
4100 1573 5804
4100 1444 5680
4100 1320 5551
4100 1203 5415
4100 1093 5274
4100 990 5127
4100 894 4976
4100 805 4820
4100 805 1379
4100 894 1223
4100 990 1072
4100 1093 925
4100 1203 784
4100 1320 648
4100 1444 519
4100 1573 395
4100 6476 395
4100 6605 519
4100 6729 648
4100 6846 784
4100 6956 925
4100 7059 1072
4100 7155 1223
4100 7244 1379
4100 7241 5027
4100 7143 5183
4100 7037 5333
4100 6923 5478
4100 6803 5618
4100 6676 5751
4100 1373 5751
4100 1246 5618
4100 1126 5478
4100 1012 5333
4100 906 5183
4100 808 5027
4100 808 1172
4100 906 1016
4100 1012 866
4100 1126 721
4100 1246 581
4100 1373 448
4100 6676 448
4100 6803 581
4100 6923 721
4100 7037 866
4100 7143 1016
4100 7241 1172
4100 7226 5238
4100 7117 5393
4100 7001 5542
4100 6877 5685
4100 6747 5822
4100 1302 5822
4100 1172 5685
4100 1048 5542
4100 932 5393
4100 823 5238
4100 823 961
4100 932 806
4100 1048 657
4100 1172 514
4100 1302 377
4100 6747 377
4100 6877 514
4100 7001 657
4100 7117 806
4100 7226 961
4100 7197 5453
4100 7078 5605
4100 6951 5752
4100 1098 5752
4100 971 5605
4100 852 5453
4100 852 746
4100 971 594
4100 1098 447
4100 6951 447
4100 7078 594
4100 7197 746
4100 7155 5669
4100 7025 5819
4100 1024 5819
4100 894 5669
4100 894 530
4100 1024 380
4100 7025 380
4100 7155 530
4100 7232 5732
4100 817 5732
4100 817 467
4100 7232 467
