3200 4075 3100
3200 4050 3143
3200 4000 3143
3200 3975 3100
3200 4000 3056
3200 4050 3056
3200 4075 3100
3200 4175 3100
3200 4100 3229
3200 3950 3229
3200 3875 3100
3200 3950 2970
3200 4100 2970
3200 4175 3100
3200 4275 3100
3200 4150 3316
3200 3900 3316
3200 3775 3100
3200 3900 2883
3200 4150 2883
3200 4275 3100
3200 4375 3100
3200 4328 3275
3200 4200 3403
3200 4025 3450
3200 3850 3403
3200 4328 2925
3200 4375 3100
3200 4475 3100
3200 4414 3325
3200 4250 3489
3200 4025 3550
3200 3800 3489
3200 4414 2875
3200 4475 3100
3200 4575 3100
3200 4501 3375
3200 4300 3576
3200 4025 3650
3200 4575 3100
3200 4675 3100
3200 4652 3268
3200 4587 3425
3200 4484 3559
3200 4350 3662
3200 4193 3727
3200 4025 3750
3200 3856 3727
3200 4652 2931
3200 4675 3100
3200 5175 3100
3200 5165 3250
3200 5135 3397
3200 5087 3540
3200 5020 3675
3200 4937 3800
3200 4838 3913
3200 4725 4012
3200 4600 4095
3200 4465 4162
3200 4322 4210
3200 4175 4240
3200 4025 4250
3200 3874 4240
3200 5165 2949
3200 5175 3099
3200 5675 3100
3200 5660 3315
3200 5618 3527
3200 5549 3731
3200 5453 3925
3200 5334 4104
3200 5191 4266
3200 5029 4409
3200 4850 4528
3200 4656 4624
3200 4452 4693
3200 4240 4735
3200 4025 4750
3200 3809 4735
3200 5660 2884
3200 5675 3099
3200 6175 3100
3200 6156 3380
3200 6101 3656
3200 6011 3922
3200 5886 4175
3200 5730 4408
3200 5545 4620
3200 5333 4805
3200 5100 4961
3200 4847 5086
3200 4581 5176
3200 4305 5231
3200 4025 5250
3200 6175 3099
3200 6475 3100
3200 6469 3260
3200 6454 3419
3200 6427 3577
3200 6391 3734
3200 6344 3887
3200 6288 4037
3200 6222 4183
3200 6146 4325
3200 6062 4461
3200 5968 4591
3200 5867 4715
3200 5757 4832
3200 5640 4942
3200 5516 5043
3200 5386 5137
3200 5250 5221
3200 5108 5297
3200 4962 5363
3200 4812 5419
3200 4659 5466
3200 4502 5502
3200 4344 5529
3200 4185 5544
3200 4025 5550
3200 3864 5544
3200 6469 2939
3200 6475 3099
3200 6675 3100
3200 6669 3273
3200 6652 3445
3200 6624 3616
3200 6584 3785
3200 6534 3951
3200 6473 4114
3200 6401 4272
3200 6319 4425
3200 6228 4572
3200 6127 4713
3200 6017 4847
3200 5898 4973
3200 5772 5092
3200 5638 5202
3200 5497 5303
3200 5350 5394
3200 5197 5476
3200 5039 5548
3200 4876 5609
3200 4710 5659
3200 4541 5699
3200 4370 5727
3200 4198 5744
3200 4025 5750
3200 3851 5744
3200 6669 2926
3200 6675 3099
3200 6775 3100
3200 6771 3234
3200 6761 3369
3200 6745 3503
3200 6722 3636
3200 6692 3768
3200 6656 3898
3200 6614 4026
3200 6565 4152
3200 6510 4275
3200 6450 4396
3200 6383 4513
3200 6311 4627
3200 6233 4738
3200 6150 4844
3200 6062 4946
3200 5969 5044
3200 5871 5137
3200 5769 5225
3200 5663 5308
3200 5552 5386
3200 5438 5458
3200 5321 5525
3200 5200 5585
3200 5077 5640
3200 4951 5689
3200 4823 5731
3200 4693 5767
3200 4561 5797
3200 4428 5820
3200 4294 5836
3200 4159 5846
3200 3890 5846
3200 6771 2965
3200 6775 3099
3200 6875 3100
3200 6871 3239
3200 6861 3379
3200 6844 3518
3200 6820 3656
3200 6789 3792
3200 6752 3927
3200 6708 4060
3200 6658 4190
3200 6601 4318
3200 6538 4443
3200 6469 4565
3200 6394 4683
3200 6314 4797
3200 6228 4908
3200 6136 5013
3200 6040 5115
3200 5938 5211
3200 5833 5303
3200 5722 5389
3200 5608 5469
3200 5490 5544
3200 5368 5613
3200 5243 5676
3200 5115 5733
3200 4985 5783
3200 4852 5827
3200 6871 2960
3200 6875 3099
3200 6975 3100
3200 6971 3244
3200 6960 3389
3200 6943 3532
3200 6918 3675
3200 6886 3816
3200 6847 3956
3200 6802 4093
3200 6750 4228
3200 6691 4361
3200 6626 4490
3200 6555 4616
3200 6477 4738
3200 6394 4857
3200 6305 4971
3200 6210 5081
3200 6110 5185
3200 6006 5285
3200 5896 5380
3200 5782 5469
3200 5663 5552
3200 5541 5630
3200 5415 5701
3200 5286 5766
3200 5153 5825
3200 6971 2955
3200 6975 3099
3200 7075 3100
3200 7071 3249
3200 7060 3398
3200 7041 3547
3200 7016 3695
3200 6983 3841
3200 6943 3985
3200 6896 4127
3200 6842 4267
3200 6782 4404
3200 6714 4537
3200 6641 4668
3200 6560 4794
3200 6474 4916
3200 6382 5034
3200 6284 5148
3200 6181 5256
3200 6073 5359
3200 5959 5457
3200 5841 5549
3200 5719 5635
3200 5593 5716
3200 5462 5789
3200 7071 2950
3200 7075 3099
3200 7175 3100
3200 7171 3254
3200 7159 3408
3200 7140 3562
3200 7114 3714
3200 7080 3865
3200 7039 4014
3200 6990 4161
3200 6935 4305
3200 6872 4446
3200 6803 4584
3200 6726 4719
3200 6644 4850
3200 6555 4976
3200 6459 5098
3200 6358 5215
3200 6252 5327
3200 6140 5433
3200 6023 5534
3200 5901 5630
3200 5775 5719
3200 5644 5801
3200 7171 2945
3200 7175 3099
3200 7271 3259
3200 7259 3418
3200 7239 3576
3200 7212 3734
3200 7177 3889
3200 7135 4043
3200 7085 4194
3200 7027 4343
3200 6962 4489
3200 6891 4632
3200 6812 4770
3200 6727 4905
3200 6635 5036
3200 6537 5161
3200 6433 5282
3200 6323 5398
3200 6207 5508
3200 6086 5612
3200 5961 5710
3200 5830 5802
3200 7271 2940
3200 7274 3913
3200 7230 4072
3200 7179 4228
3200 7119 4381
3200 7053 4532
3200 6979 4679
3200 6898 4822
3200 6810 4961
3200 6715 5095
3200 6614 5225
3200 6507 5349
3200 6393 5468
3200 6274 5582
3200 6150 5689
3200 6020 5790
3200 7273 4262
3200 7212 4420
3200 7143 4575
3200 7067 4726
3200 6984 4873
3200 6893 5016
3200 6796 5155
3200 6691 5288
3200 6581 5416
3200 6464 5539
3200 6341 5656
3200 6213 5766
3200 7234 4617
3200 7155 4773
3200 7069 4925
3200 6976 5072
3200 6876 5214
3200 6769 5352
3200 6655 5484
3200 6535 5610
3200 6409 5730
3200 6277 5844
3200 7244 4820
3200 7155 4976
3200 7059 5127
3200 6956 5274
3200 6846 5415
3200 6729 5551
3200 6605 5680
3200 6476 5804
3200 7241 5027
3200 7143 5183
3200 7037 5333
3200 6923 5478
3200 6803 5618
3200 6676 5751
3200 7226 5238
3200 7117 5393
3200 7001 5542
3200 6877 5685
3200 6747 5822
3200 7197 5453
3200 7078 5605
3200 6951 5752
3200 7155 5669
3200 7025 5819
3200 7232 5732
