3500 4075 3100
3500 4050 3143
3500 4000 3143
3500 3975 3100
3500 4000 3056
3500 4050 3056
3500 4075 3100
3500 4175 3100
3500 4100 3229
3500 3950 3229
3500 3875 3100
3500 3950 2970
3500 4100 2970
3500 4175 3100
3500 4275 3100
3500 4150 3316
3500 3900 3316
3500 3775 3100
3500 3900 2883
3500 4150 2883
3500 4275 3100
3500 4375 3100
3500 4328 3275
3500 4200 3403
3500 4025 3450
3500 3850 3403
3500 4328 2925
3500 4375 3100
3500 4475 3100
3500 4414 3325
3500 4250 3489
3500 4025 3550
3500 3800 3489
3500 4414 2875
3500 4475 3100
3500 4575 3100
3500 4501 3375
3500 4300 3576
3500 4025 3650
3500 4575 3100
3500 4675 3100
3500 4652 3268
3500 4587 3425
3500 4484 3559
3500 4350 3662
3500 4193 3727
3500 4025 3750
3500 3856 3727
3500 4652 2931
3500 4675 3100
3500 5175 3100
3500 5165 3250
3500 5135 3397
3500 5087 3540
3500 5020 3675
3500 4937 3800
3500 4838 3913
3500 4725 4012
3500 4600 4095
3500 4465 4162
3500 4322 4210
3500 4175 4240
3500 4025 4250
3500 3874 4240
3500 5165 2949
3500 5175 3099
3500 5675 3100
3500 5660 3315
3500 5618 3527
3500 5549 3731
3500 5453 3925
3500 5334 4104
3500 5191 4266
3500 5029 4409
3500 4850 4528
3500 4656 4624
3500 4452 4693
3500 4240 4735
3500 4025 4750
3500 3809 4735
3500 5660 2884
3500 5675 3099
3500 6175 3100
3500 6156 3380
3500 6101 3656
3500 6011 3922
3500 5886 4175
3500 5730 4408
3500 5545 4620
3500 5333 4805
3500 5100 4961
3500 4847 5086
3500 4581 5176
3500 4305 5231
3500 4025 5250
3500 6175 3099
3500 6475 3100
3500 6469 3260
3500 6454 3419
3500 6427 3577
3500 6391 3734
3500 6344 3887
3500 6288 4037
3500 6222 4183
3500 6146 4325
3500 6062 4461
3500 5968 4591
3500 5867 4715
3500 5757 4832
3500 5640 4942
3500 5516 5043
3500 5386 5137
3500 5250 5221
3500 5108 5297
3500 4962 5363
3500 4812 5419
3500 4659 5466
3500 4502 5502
3500 4344 5529
3500 4185 5544
3500 4025 5550
3500 3864 5544
3500 6469 2939
3500 6475 3099
3500 6675 3100
3500 6669 3273
3500 6652 3445
3500 6624 3616
3500 6584 3785
3500 6534 3951
3500 6473 4114
3500 6401 4272
3500 6319 4425
3500 6228 4572
3500 6127 4713
3500 6017 4847
3500 5898 4973
3500 5772 5092
3500 5638 5202
3500 5497 5303
3500 5350 5394
3500 5197 5476
3500 5039 5548
3500 4876 5609
3500 4710 5659
3500 4541 5699
3500 4370 5727
3500 4198 5744
3500 4025 5750
3500 3851 5744
3500 6669 2926
3500 6675 3099
3500 6775 3100
3500 6771 3234
3500 6761 3369
3500 6745 3503
3500 6722 3636
3500 6692 3768
3500 6656 3898
3500 6614 4026
3500 6565 4152
3500 6510 4275
3500 6450 4396
3500 6383 4513
3500 6311 4627
3500 6233 4738
3500 6150 4844
3500 6062 4946
3500 5969 5044
3500 5871 5137
3500 5769 5225
3500 5663 5308
3500 5552 5386
3500 5438 5458
3500 5321 5525
3500 5200 5585
3500 5077 5640
3500 4951 5689
3500 4823 5731
3500 4693 5767
3500 4561 5797
3500 4428 5820
3500 4294 5836
3500 4159 5846
3500 3890 5846
3500 6771 2965
3500 6775 3099
3500 6875 3100
3500 6871 3239
3500 6861 3379
3500 6844 3518
3500 6820 3656
3500 6789 3792
3500 6752 3927
3500 6708 4060
3500 6658 4190
3500 6601 4318
3500 6538 4443
3500 6469 4565
3500 6394 4683
3500 6314 4797
3500 6228 4908
3500 6136 5013
3500 6040 5115
3500 5938 5211
3500 5833 5303
3500 5722 5389
3500 5608 5469
3500 5490 5544
3500 5368 5613
3500 5243 5676
3500 5115 5733
3500 4985 5783
3500 4852 5827
3500 6871 2960
3500 6875 3099
3500 6975 3100
3500 6971 3244
3500 6960 3389
3500 6943 3532
3500 6918 3675
3500 6886 3816
3500 6847 3956
3500 6802 4093
3500 6750 4228
3500 6691 4361
3500 6626 4490
3500 6555 4616
3500 6477 4738
3500 6394 4857
3500 6305 4971
3500 6210 5081
3500 6110 5185
3500 6006 5285
3500 5896 5380
3500 5782 5469
3500 5663 5552
3500 5541 5630
3500 5415 5701
3500 5286 5766
3500 5153 5825
3500 6971 2955
3500 6975 3099
3500 7075 3100
3500 7071 3249
3500 7060 3398
3500 7041 3547
3500 7016 3695
3500 6983 3841
3500 6943 3985
3500 6896 4127
3500 6842 4267
3500 6782 4404
3500 6714 4537
3500 6641 4668
3500 6560 4794
3500 6474 4916
3500 6382 5034
3500 6284 5148
3500 6181 5256
3500 6073 5359
3500 5959 5457
3500 5841 5549
3500 5719 5635
3500 5593 5716
3500 5462 5789
3500 7071 2950
3500 7075 3099
3500 7175 3100
3500 7171 3254
3500 7159 3408
3500 7140 3562
3500 7114 3714
3500 7080 3865
3500 7039 4014
3500 6990 4161
3500 6935 4305
3500 6872 4446
3500 6803 4584
3500 6726 4719
3500 6644 4850
3500 6555 4976
3500 6459 5098
3500 6358 5215
3500 6252 5327
3500 6140 5433
3500 6023 5534
3500 5901 5630
3500 5775 5719
3500 5644 5801
3500 7171 2945
3500 7175 3099
3500 7271 3259
3500 7259 3418
3500 7239 3576
3500 7212 3734
3500 7177 3889
3500 7135 4043
3500 7085 4194
3500 7027 4343
3500 6962 4489
3500 6891 4632
3500 6812 4770
3500 6727 4905
3500 6635 5036
3500 6537 5161
3500 6433 5282
3500 6323 5398
3500 6207 5508
3500 6086 5612
3500 5961 5710
3500 5830 5802
3500 7271 2940
3500 7274 3913
3500 7230 4072
3500 7179 4228
3500 7119 4381
3500 7053 4532
3500 6979 4679
3500 6898 4822
3500 6810 4961
3500 6715 5095
3500 6614 5225
3500 6507 5349
3500 6393 5468
3500 6274 5582
3500 6150 5689
3500 6020 5790
3500 7273 4262
3500 7212 4420
3500 7143 4575
3500 7067 4726
3500 6984 4873
3500 6893 5016
3500 6796 5155
3500 6691 5288
3500 6581 5416
3500 6464 5539
3500 6341 5656
3500 6213 5766
3500 7234 4617
3500 7155 4773
3500 7069 4925
3500 6976 5072
3500 6876 5214
3500 6769 5352
3500 6655 5484
3500 6535 5610
3500 6409 5730
3500 6277 5844
3500 7244 4820
3500 7155 4976
3500 7059 5127
3500 6956 5274
3500 6846 5415
3500 6729 5551
3500 6605 5680
3500 6476 5804
3500 7241 5027
3500 7143 5183
3500 7037 5333
3500 6923 5478
3500 6803 5618
3500 6676 5751
3500 7226 5238
3500 7117 5393
3500 7001 5542
3500 6877 5685
3500 6747 5822
3500 7197 5453
3500 7078 5605
3500 6951 5752
3500 7155 5669
3500 7025 5819
3500 7232 5732
